case_00262.nii,101,160,31,382,334,91
case_00270.nii,93,223,38,384,356,82
case_00213.nii,109,299,87,220,424,131
case_00246.nii,94,241,76,355,359,114
case_00258.nii,107,252,41,398,356,78
case_00225.nii,98,221,36,409,333,81
case_00254.nii,107,253,30,406,345,77
case_00229.nii,120,270,31,354,366,72
case_00237.nii,139,300,22,373,382,62
case_00283.nii,98,262,45,415,379,82
case_00291.nii,110,234,90,408,368,131
case_00293.nii,257,242,13,383,377,58
case_00281.nii,113,258,45,421,382,80
case_00211.nii,91,210,10,408,387,60
case_00272.nii,157,329,35,426,407,74
case_00260.nii,136,236,29,370,348,65
case_00248.nii,158,291,47,517,473,102
case_00235.nii,82,198,41,433,334,80
case_00256.nii,126,191,44,413,356,85
case_00227.nii,148,266,38,450,384,73
case_00244.nii,84,225,8,380,334,50
case_00239.nii,122,286,23,412,425,76
case_00285.nii,81,225,15,336,312,55
case_00297.nii,128,239,28,180,303,58
case_00289.nii,126,237,26,402,358,65
case_00223.nii,166,159,62,377,488,113
case_00240.nii,122,222,39,360,314,83
case_00231.nii,145,311,39,460,426,80
case_00252.nii,122,205,44,441,381,80
case_00219.nii,127,223,44,429,359,90
case_00264.nii,115,225,30,363,345,67
case_00215.nii,163,301,45,455,390,81
case_00268.nii,83,181,4,371,300,43
case_00276.nii,126,247,10,427,369,45
case_00250.nii,114,219,87,437,346,137
case_00233.nii,53,141,44,391,367,102
case_00242.nii,91,264,16,375,375,57
case_00221.nii,94,249,103,412,383,151
case_00274.nii,167,225,76,438,378,120
case_00217.nii,113,258,24,408,404,66
case_00266.nii,110,256,27,340,361,64
case_00278.nii,86,179,28,345,297,74
case_00295.nii,161,274,13,479,411,53
case_00299.nii,143,272,17,401,364,50
case_00287.nii,102,228,8,383,356,47
case_00282.nii,87,204,25,360,332,69
case_00290.nii,135,282,36,427,389,72
case_00224.nii,147,306,32,445,412,80
case_00259.nii,126,207,20,390,317,64
case_00247.nii,192,313,82,422,427,115
case_00236.nii,173,262,43,481,409,98
case_00228.nii,86,247,32,386,348,78
case_00255.nii,128,223,46,408,343,81
case_00263.nii,102,290,20,417,431,66
case_00212.nii,119,278,33,379,365,77
case_00271.nii,72,239,14,306,323,50
case_00257.nii,80,203,9,327,301,44
case_00234.nii,93,176,35,363,294,69
case_00249.nii,126,234,43,429,350,76
case_00238.nii,125,236,40,426,359,80
case_00245.nii,209,305,19,488,405,62
case_00226.nii,170,278,32,453,383,71
case_00273.nii,118,228,26,352,323,70
case_00210.nii,104,275,14,425,407,56
case_00261.nii,159,295,3,446,399,54
case_00292.nii,137,284,99,465,426,146
case_00280.nii,94,237,26,371,377,69
case_00265.nii,100,219,25,360,329,61
case_00218.nii,132,267,45,401,401,87
case_00277.nii,93,236,22,315,325,58
case_00269.nii,135,280,43,483,420,79
case_00214.nii,176,317,42,490,425,82
case_00241.nii,118,241,37,421,367,80
case_00222.nii,115,197,12,396,343,58
case_00253.nii,115,315,30,369,414,72
case_00230.nii,78,201,34,327,303,71
case_00284.nii,105,188,105,375,328,143
case_00288.nii,176,238,32,400,322,69
case_00296.nii,80,167,25,294,260,62
case_00294.nii,94,277,23,201,395,63
case_00286.nii,128,193,45,442,360,94
case_00298.nii,103,225,8,375,348,44
case_00216.nii,121,267,14,409,379,57
case_00275.nii,155,300,39,465,448,84
case_00279.nii,68,183,14,285,278,50
case_00267.nii,111,235,24,363,364,72
case_00232.nii,132,293,28,382,398,76
case_00251.nii,105,200,24,367,326,59
case_00220.nii,114,241,38,398,363,77
case_00243.nii,128,253,36,439,361,81
